start=83.917000
speed=1.210000
