start=82.605000
speed=1.210000
