start=49.000000
audio-delay=-0.100000
af=dynaudnorm=f=400:g=5:m=4:p=%4%0.95:t=0
