start=459.376000
speed=1.210000
audio-delay=-1.800000
sub-visibility=no
