start=350.642000
speed=1.331000
