start=2.833000
speed=1.100000
sub-visibility=no
