start=4.171000
speed=1.331000
sub-visibility=no
