start=739.833000
speed=1.210000
