start=340.000000
speed=1.331000
