start=7226.751000
speed=1.331000
af=acompressor=threshold=-20dB:ratio=2:attack=20:release=250:makeup=8dB:knee=%5%2.8dB,dynaudnorm=f=400:g=5:m=4:p=%4%0.95:t=0
