start=277.100000
speed=1.210000
