start=5.083000
speed=1.210000
sub-visibility=no
