start=512.012422
speed=1.210000
