start=617.517000
speed=1.210000
