start=292.866667
audio-delay=-0.000000
