start=442.367000
speed=1.210000
