start=3.870573
audio-delay=-0.200000
af=dynaudnorm=f=400:g=5:m=4:p=%4%0.95:t=0
