start=2403.269937
audio-delay=-0.200000
