start=508.467000
speed=1.100000
sub-visibility=no
