start=4381.919000
speed=1.000000
af=dynaudnorm=f=400:g=5:m=4:p=%4%0.95:t=0,dynaudnorm=f=400:g=5:m=4:p=%4%0.95:t=0
