start=3.754000
speed=1.331000
