start=1884.785714
audio-delay=-0.100000
