start=210.927000
speed=1.210000
sub-visibility=no
