start=407.032000
speed=1.331000
