start=16.880000
speed=1.210000
sub-visibility=no
