start=337.042000
speed=1.210000
