start=0.200000
speed=1.210000
