start=704.560000
speed=1.210000
