start=10.500000
speed=1.210000
