start=2839.003000
speed=1.210000
af=acompressor=threshold=-20dB:ratio=2:attack=20:release=250:makeup=8dB:knee=%5%2.8dB
