start=424.200000
speed=1.210000
