start=167.250000
audio-delay=-0.000000
