start=5879.222167
af=dynaudnorm=f=400:g=5:m=4:p=%4%0.95:t=0
ab-loop-a=134.961333
