start=0.867000
speed=1.210000
