start=1.440000
speed=1.331000
sub-visibility=no
