start=2.377000
speed=1.210000
sub-visibility=no
