start=339.960000
speed=1.210000
