start=411.433333
ab-loop-a=957.466667
