start=1.480000
speed=1.000000
sub-visibility=no
video-pan-x=-0.000000
