start=516.558000
speed=1.210000
