start=134.668000
speed=1.210000
sub-visibility=no
