start=173.534000
speed=1.210000
