start=8.759000
speed=1.210000
sub-visibility=no
