start=84.843000
speed=1.210000
